# Exported from Wings 3D 2.1.7
mtllib CoatStand_A__1.mtl
o Cylinder1
#120 vertices, 236 faces
v 0.20600000 11.84306368 -1.1018964e-17
v 0.14566400 11.84306368 0.14566400
v -3.6971474e-17 11.84306368 0.20600000
v -0.14566400 11.84306368 0.14566400
v -0.20600000 11.84306368 1.4208761e-17
v -0.14566400 11.84306368 -0.14566400
v -8.7426922e-17 11.84306368 -0.20600000
v 0.14566400 11.84306368 -0.14566400
v 0.20600000 -1.88093632 -1.1018964e-17
v 0.14566400 -1.88093632 0.14566400
v -3.6971474e-17 -1.88093632 0.20600000
v -0.14566400 -1.88093632 0.14566400
v -0.20600000 -1.88093632 1.4208761e-17
v -0.14566400 -1.88093632 -0.14566400
v -8.7426922e-17 -1.88093632 -0.20600000
v 0.14566400 -1.88093632 -0.14566400
v 0.14566400 -1.26520822 -0.14566400
v -8.7426922e-17 -1.26520822 -0.20600000
v -0.14566400 -1.26520822 -0.14566400
v -0.20600000 -1.26520822 1.4208761e-17
v -0.14566400 -1.26520822 0.14566400
v -3.6971474e-17 -1.26520822 0.20600000
v 0.14566400 -1.26520822 0.14566400
v 0.20600000 -1.26520822 -1.1018964e-17
v 1.79228262 -1.26520822 0.65705978
v 1.73194662 -1.26520822 0.80272377
v 1.73194662 -1.88093632 0.80272377
v 1.79228262 -1.88093632 0.65705978
v -0.65705978 -1.26520822 1.79228262
v -0.80272377 -1.26520822 1.73194662
v -0.80272377 -1.88093632 1.73194662
v -0.65705978 -1.88093632 1.79228262
v -1.79228262 -1.26520822 -0.65705978
v -1.73194662 -1.26520822 -0.80272377
v -1.73194662 -1.88093632 -0.80272377
v -1.79228262 -1.88093632 -0.65705978
v 0.65705978 -1.26520822 -1.79228262
v 0.80272377 -1.26520822 -1.73194662
v 0.80272377 -1.88093632 -1.73194662
v 0.65705978 -1.88093632 -1.79228262
v 2.32680561 -1.26520822 0.87846645
v 2.26646960 -1.26520822 1.02413044
v 2.26646960 -1.88093632 1.02413044
v 2.32680561 -1.88093632 0.87846645
v -0.87846645 -1.26520822 2.32680561
v -1.02413044 -1.26520822 2.26646960
v -1.02413044 -1.88093632 2.26646960
v -0.87846645 -1.88093632 2.32680561
v -2.32680561 -1.26520822 -0.87846645
v -2.26646960 -1.26520822 -1.02413044
v -2.26646960 -1.88093632 -1.02413044
v -2.32680561 -1.88093632 -0.87846645
v 0.87846645 -1.26520822 -2.32680561
v 1.02413044 -1.26520822 -2.26646960
v 1.02413044 -1.88093632 -2.26646960
v 0.87846645 -1.88093632 -2.32680561
v 0.14566400 11.39976378 -0.14566400
v 0.14566400 10.66996043 -0.14566400
v -8.7426922e-17 11.39976378 -0.20600000
v -8.7426922e-17 10.66996043 -0.20600000
v -0.14566400 11.39976378 -0.14566400
v -0.14566400 10.66996043 -0.14566400
v -0.20600000 11.39976378 1.4208761e-17
v -0.20600000 10.66996043 1.4208761e-17
v -0.14566400 11.39976378 0.14566400
v -0.14566400 10.66996043 0.14566400
v -3.6971474e-17 11.39976378 0.20600000
v -3.6971474e-17 10.66996043 0.20600000
v 0.14566400 11.39976378 0.14566400
v 0.14566400 10.66996043 0.14566400
v 0.20600000 11.39976378 -1.1018964e-17
v 0.20600000 10.66996043 -1.1018964e-17
v -0.10124032 11.22202893 -0.45041576
v -0.10124032 10.84769528 -0.45041576
v -0.24690432 10.84769528 -0.39007976
v -0.24690432 11.22202893 -0.39007976
v 0.45041576 11.22202893 -0.10124032
v 0.45041576 10.84769528 -0.10124032
v 0.39007976 10.84769528 -0.24690432
v 0.39007976 11.22202893 -0.24690432
v -0.45041576 11.22202893 0.10124032
v -0.45041576 10.84769528 0.10124032
v -0.39007976 10.84769528 0.24690432
v -0.39007976 11.22202893 0.24690432
v 0.10124032 11.22202893 0.45041576
v 0.10124032 10.84769528 0.45041576
v 0.24690432 10.84769528 0.39007976
v 0.24690432 11.22202893 0.39007976
v 0.72109297 12.34643225 1.53487243
v 0.57542898 12.34643225 1.59520844
v 0.67666930 12.16869740 1.83962420
v 0.82233330 12.16869740 1.77928820
v -1.53487243 12.34643225 0.72109297
v -1.59520844 12.34643225 0.57542898
v -1.83962420 12.16869740 0.67666930
v -1.77928820 12.16869740 0.82233330
v 1.53487243 12.34643225 -0.72109297
v 1.59520844 12.34643225 -0.57542898
v 1.83962420 12.16869740 -0.67666930
v 1.77928820 12.16869740 -0.82233330
v -0.72109297 12.34643225 -1.53487243
v -0.57542898 12.34643225 -1.59520844
v -0.67666930 12.16869740 -1.83962420
v -0.82233330 12.16869740 -1.77928820
v 0.10058794 10.27871658 0.44884077
v 0.24625194 10.27871658 0.38850476
v 0.34749226 10.45645143 0.63292052
v 0.20182826 10.45645143 0.69325653
v -0.44884077 10.27871658 0.10058794
v -0.38850476 10.27871658 0.24625194
v -0.63292052 10.45645143 0.34749226
v -0.69325653 10.45645143 0.20182826
v 0.44884077 10.27871658 -0.10058794
v 0.38850476 10.27871658 -0.24625194
v 0.63292052 10.45645143 -0.34749226
v 0.69325653 10.45645143 -0.20182826
v -0.10058794 10.27871658 -0.44884077
v -0.24625194 10.27871658 -0.38850476
v -0.34749226 10.45645143 -0.63292052
v -0.20182826 10.45645143 -0.69325653
vn 0.0000000e+0 1.00000000 3.4883056e-15
vn 0.0000000e+0 1.00000000 3.4883056e-15
vn 0.0000000e+0 1.00000000 3.4883056e-15
vn 1.00000000 0.0000000e+0 -9.0127256e-17
vn 1.00000000 0.0000000e+0 -9.0127256e-17
vn 0.70710678 0.0000000e+0 0.70710678
vn 0.70710678 0.0000000e+0 0.70710678
vn 0.0000000e+0 1.00000000 -1.0165668e-14
vn 0.0000000e+0 1.00000000 -1.0165668e-14
vn 0.0000000e+0 1.00000000 -1.0165668e-14
vn 0.70710678 0.0000000e+0 0.70710678
vn 0.70710678 0.0000000e+0 0.70710678
vn 0.0000000e+0 1.00000000 -5.0529088e-14
vn 1.2016967e-15 0.0000000e+0 1.00000000
vn 1.2016967e-15 0.0000000e+0 1.00000000
vn -0.70710678 0.0000000e+0 0.70710678
vn -0.70710678 0.0000000e+0 0.70710678
vn 0.0000000e+0 1.00000000 -2.2648315e-14
vn 0.0000000e+0 1.00000000 -2.2648315e-14
vn -0.70710678 0.0000000e+0 0.70710678
vn -0.70710678 0.0000000e+0 0.70710678
vn 0.0000000e+0 1.00000000 1.7441528e-15
vn 0.0000000e+0 1.00000000 1.7441528e-15
vn 0.0000000e+0 1.00000000 1.7441528e-15
vn -1.00000000 0.0000000e+0 -6.0084837e-17
vn -1.00000000 0.0000000e+0 -6.0084837e-17
vn 0.0000000e+0 1.00000000 -1.4449035e-15
vn -0.70710678 0.0000000e+0 -0.70710678
vn -0.70710678 0.0000000e+0 -0.70710678
vn 0.0000000e+0 1.00000000 -1.4449035e-15
vn 0.0000000e+0 1.00000000 -1.4449035e-15
vn -0.70710678 0.0000000e+0 -0.70710678
vn -0.70710678 0.0000000e+0 -0.70710678
vn 0.0000000e+0 1.00000000 0.0000000e+0
vn 0.0000000e+0 0.0000000e+0 -1.00000000
vn 0.0000000e+0 0.0000000e+0 -1.00000000
vn 0.0000000e+0 1.00000000 5.2324584e-15
vn 0.70710678 0.0000000e+0 -0.70710678
vn 0.70710678 0.0000000e+0 -0.70710678
vn 0.0000000e+0 1.00000000 5.2324584e-15
vn 0.70710678 0.0000000e+0 -0.70710678
vn 0.70710678 0.0000000e+0 -0.70710678
vn 0.0000000e+0 -1.00000000 -5.8445833e-16
vn 0.0000000e+0 -1.00000000 -5.8445833e-16
vn 0.38268343 0.0000000e+0 -0.92387953
vn 0.92387953 0.0000000e+0 -0.38268343
vn 0.38268343 0.0000000e+0 0.92387953
vn -0.38268343 0.0000000e+0 0.92387953
vn 0.0000000e+0 -1.00000000 -2.4457511e-16
vn 0.0000000e+0 -1.00000000 -2.4457511e-16
vn 0.0000000e+0 -1.00000000 -2.4457511e-16
vn 0.0000000e+0 -1.00000000 -2.4457511e-16
vn -0.38268343 0.0000000e+0 0.92387953
vn 0.0000000e+0 -1.00000000 -2.4457511e-16
vn 0.38268343 0.0000000e+0 0.92387953
vn 0.0000000e+0 -1.00000000 3.0758800e-16
vn 0.0000000e+0 -1.00000000 3.0758800e-16
vn 0.0000000e+0 -1.00000000 3.0758800e-16
vn 0.0000000e+0 -1.00000000 3.0758800e-16
vn 0.92387953 0.0000000e+0 0.38268343
vn 0.38268343 0.0000000e+0 0.92387953
vn 0.0000000e+0 -1.00000000 -1.9721523e-31
vn -0.92387953 0.0000000e+0 0.38268343
vn -0.92387953 0.0000000e+0 -0.38268343
vn 0.0000000e+0 -1.00000000 -1.9721523e-31
vn 0.0000000e+0 -1.00000000 -1.9721523e-31
vn -0.92387953 0.0000000e+0 -0.38268343
vn 0.0000000e+0 -1.00000000 -1.9721523e-31
vn -0.92387953 0.0000000e+0 0.38268343
vn 0.0000000e+0 -1.00000000 -2.0505867e-16
vn 0.0000000e+0 -1.00000000 -2.0505867e-16
vn -0.38268343 0.0000000e+0 0.92387953
vn -0.92387953 0.0000000e+0 0.38268343
vn 0.0000000e+0 -1.00000000 4.5201415e-16
vn -0.38268343 0.0000000e+0 -0.92387953
vn 0.38268343 0.0000000e+0 -0.92387953
vn 0.0000000e+0 -1.00000000 4.5201415e-16
vn 0.0000000e+0 -1.00000000 4.5201415e-16
vn 0.0000000e+0 -1.00000000 4.5201415e-16
vn 0.38268343 0.0000000e+0 -0.92387953
vn 0.0000000e+0 -1.00000000 4.5201415e-16
vn -0.38268343 0.0000000e+0 -0.92387953
vn 0.0000000e+0 -1.00000000 5.5152797e-16
vn 0.0000000e+0 -1.00000000 5.5152797e-16
vn 0.0000000e+0 -1.00000000 5.5152797e-16
vn 0.0000000e+0 -1.00000000 5.5152797e-16
vn -0.92387953 0.0000000e+0 -0.38268343
vn -0.38268343 0.0000000e+0 -0.92387953
vn 0.92387953 0.0000000e+0 -0.38268343
vn 0.92387953 0.0000000e+0 0.38268343
vn 0.0000000e+0 -1.00000000 2.5929880e-16
vn 0.0000000e+0 -1.00000000 2.5929880e-16
vn 0.0000000e+0 -1.00000000 2.5929880e-16
vn 0.92387953 0.0000000e+0 -0.38268343
vn 0.92387953 0.0000000e+0 0.38268343
vn 0.0000000e+0 -1.00000000 2.5929880e-16
vn 0.79717519 0.0000000e+0 -0.60374806
vn 0.79717519 0.0000000e+0 -0.60374806
vn 0.92387953 0.0000000e+0 0.38268343
vn 0.0000000e+0 1.00000000 0.0000000e+0
vn 0.79717519 0.0000000e+0 -0.60374806
vn -0.13677364 0.0000000e+0 -0.99060233
vn 0.0000000e+0 1.00000000 0.0000000e+0
vn -0.92387953 0.0000000e+0 -0.38268343
vn -0.13677364 0.0000000e+0 -0.99060233
vn -0.13677364 0.0000000e+0 -0.99060233
vn -0.13677364 0.0000000e+0 -0.99060233
vn -0.13677364 0.0000000e+0 -0.99060233
vn 0.0000000e+0 1.00000000 0.0000000e+0
vn -0.92387953 0.0000000e+0 -0.38268343
vn -0.13677364 0.0000000e+0 -0.99060233
vn -0.60374806 0.0000000e+0 -0.79717519
vn -0.60374806 0.0000000e+0 -0.79717519
vn -0.60374806 0.0000000e+0 -0.79717519
vn 0.0000000e+0 1.00000000 1.0252933e-15
vn 0.38268343 0.0000000e+0 -0.92387953
vn -0.99060233 0.0000000e+0 0.13677364
vn 0.0000000e+0 1.00000000 -1.5379400e-16
vn -0.38268343 0.0000000e+0 0.92387953
vn -0.99060233 0.0000000e+0 0.13677364
vn -0.99060233 0.0000000e+0 0.13677364
vn -0.99060233 0.0000000e+0 0.13677364
vn -0.99060233 0.0000000e+0 0.13677364
vn 0.0000000e+0 1.00000000 -1.5379400e-16
vn -0.38268343 0.0000000e+0 0.92387953
vn -0.99060233 0.0000000e+0 0.13677364
vn -0.79717519 0.0000000e+0 0.60374806
vn -0.79717519 0.0000000e+0 0.60374806
vn -0.79717519 0.0000000e+0 0.60374806
vn 0.0000000e+0 1.00000000 -4.1011734e-16
vn -0.92387953 0.0000000e+0 -0.38268343
vn 0.13677364 0.0000000e+0 0.99060233
vn 0.0000000e+0 1.00000000 -2.0505867e-16
vn 0.92387953 0.0000000e+0 0.38268343
vn 0.13677364 0.0000000e+0 0.99060233
vn 0.13677364 0.0000000e+0 0.99060233
vn 0.13677364 0.0000000e+0 0.99060233
vn 0.13677364 0.0000000e+0 0.99060233
vn 0.0000000e+0 1.00000000 -2.0505867e-16
vn 0.92387953 0.0000000e+0 0.38268343
vn 0.13677364 0.0000000e+0 0.99060233
vn 0.60374806 0.0000000e+0 0.79717519
vn 0.60374806 0.0000000e+0 0.79717519
vn 0.60374806 0.0000000e+0 0.79717519
vn 0.0000000e+0 1.00000000 -1.0252933e-15
vn -0.38268343 0.0000000e+0 0.92387953
vn 0.99060233 0.0000000e+0 -0.13677364
vn 0.0000000e+0 1.00000000 1.5379400e-16
vn 0.38268343 0.0000000e+0 -0.92387953
vn 0.99060233 0.0000000e+0 -0.13677364
vn 0.99060233 0.0000000e+0 -0.13677364
vn 0.99060233 0.0000000e+0 -0.13677364
vn 0.0000000e+0 1.00000000 1.5379400e-16
vn 0.38268343 0.0000000e+0 -0.92387953
vn 0.99060233 0.0000000e+0 -0.13677364
vn 0.99060233 0.0000000e+0 -0.13677364
vn 0.0000000e+0 1.00000000 -9.4239912e-17
vn 0.38268343 0.0000000e+0 -0.92387953
vn 0.38268343 0.0000000e+0 -0.92387953
vn 0.0000000e+0 1.00000000 -9.4239912e-17
vn 0.0000000e+0 1.00000000 -2.2737523e-16
vn -0.38268343 0.0000000e+0 0.92387953
vn 0.0000000e+0 1.00000000 -2.2737523e-16
vn -0.38268343 0.0000000e+0 0.92387953
vn 0.0000000e+0 1.00000000 -2.2737523e-16
vn -0.38268343 0.0000000e+0 0.92387953
vn -0.38268343 0.0000000e+0 0.92387953
vn 0.0000000e+0 1.00000000 -2.2737523e-16
vn -0.38268343 0.0000000e+0 0.92387953
vn 0.0000000e+0 -1.00000000 -4.1011734e-16
vn 0.0000000e+0 -1.00000000 -4.1011734e-16
vn -0.38268343 0.0000000e+0 0.92387953
vn 0.0000000e+0 -1.00000000 -1.7859739e-16
vn 0.38268343 0.0000000e+0 -0.92387953
vn 0.0000000e+0 -1.00000000 -1.7859739e-16
vn 0.38268343 0.0000000e+0 -0.92387953
vn 0.0000000e+0 -1.00000000 -1.7859739e-16
vn 0.38268343 0.0000000e+0 -0.92387953
vn 0.0000000e+0 -1.00000000 -1.7859739e-16
vn 0.38268343 0.0000000e+0 -0.92387953
vn 0.0000000e+0 1.00000000 3.0427224e-16
vn 0.92387953 0.0000000e+0 0.38268343
vn 0.92387953 0.0000000e+0 0.38268343
vn 0.0000000e+0 1.00000000 3.0427224e-16
vn 0.0000000e+0 1.00000000 4.9606783e-17
vn -0.92387953 0.0000000e+0 -0.38268343
vn 0.0000000e+0 1.00000000 4.9606783e-17
vn -0.92387953 0.0000000e+0 -0.38268343
vn 0.0000000e+0 1.00000000 4.9606783e-17
vn -0.92387953 0.0000000e+0 -0.38268343
vn -0.92387953 0.0000000e+0 -0.38268343
vn 0.0000000e+0 1.00000000 4.9606783e-17
vn -0.92387953 0.0000000e+0 -0.38268343
vn 0.0000000e+0 -1.00000000 -6.6315382e-18
vn 0.0000000e+0 -1.00000000 -6.6315382e-18
vn -0.92387953 0.0000000e+0 -0.38268343
vn 0.0000000e+0 -1.00000000 3.0427224e-16
vn 0.92387953 0.0000000e+0 0.38268343
vn 0.0000000e+0 -1.00000000 3.0427224e-16
vn 0.92387953 0.0000000e+0 0.38268343
vn 0.0000000e+0 -1.00000000 3.0427224e-16
vn 0.92387953 0.0000000e+0 0.38268343
vn 0.0000000e+0 -1.00000000 3.0427224e-16
vn 0.92387953 0.0000000e+0 0.38268343
vn 0.0000000e+0 1.00000000 9.4239912e-17
vn -0.38268343 0.0000000e+0 0.92387953
vn -0.38268343 0.0000000e+0 0.92387953
vn 0.0000000e+0 1.00000000 9.4239912e-17
vn 0.0000000e+0 1.00000000 2.2737523e-16
vn 0.38268343 0.0000000e+0 -0.92387953
vn 0.0000000e+0 1.00000000 2.2737523e-16
vn 0.38268343 0.0000000e+0 -0.92387953
vn 0.0000000e+0 1.00000000 2.2737523e-16
vn 0.38268343 0.0000000e+0 -0.92387953
vn 0.38268343 0.0000000e+0 -0.92387953
vn 0.0000000e+0 1.00000000 2.2737523e-16
vn 0.38268343 0.0000000e+0 -0.92387953
vn 0.0000000e+0 -1.00000000 4.1011734e-16
vn 0.0000000e+0 -1.00000000 4.1011734e-16
vn 0.38268343 0.0000000e+0 -0.92387953
vn 0.0000000e+0 -1.00000000 1.7859739e-16
vn -0.38268343 0.0000000e+0 0.92387953
vn 0.0000000e+0 -1.00000000 1.7859739e-16
vn -0.38268343 0.0000000e+0 0.92387953
vn 0.0000000e+0 -1.00000000 1.7859739e-16
vn -0.38268343 0.0000000e+0 0.92387953
vn 0.0000000e+0 -1.00000000 1.7859739e-16
vn -0.38268343 0.0000000e+0 0.92387953
vn 0.0000000e+0 1.00000000 -3.0427224e-16
vn -0.92387953 0.0000000e+0 -0.38268343
vn -0.92387953 0.0000000e+0 -0.38268343
vn 0.0000000e+0 1.00000000 -3.0427224e-16
vn 0.0000000e+0 1.00000000 5.9164568e-31
vn 0.92387953 0.0000000e+0 0.38268343
vn 0.0000000e+0 1.00000000 5.9164568e-31
vn 0.92387953 0.0000000e+0 0.38268343
vn 0.92387953 0.0000000e+0 0.38268343
vn 0.92387953 0.0000000e+0 0.38268343
vn 0.0000000e+0 1.00000000 5.9164568e-31
vn 0.0000000e+0 1.00000000 5.9164568e-31
vn 0.92387953 0.0000000e+0 0.38268343
vn 0.0000000e+0 -1.00000000 -4.0348580e-16
vn 0.92387953 0.0000000e+0 0.38268343
vn 0.0000000e+0 -1.00000000 -4.0348580e-16
vn 0.0000000e+0 -1.00000000 -2.4651903e-31
vn -0.92387953 0.0000000e+0 -0.38268343
vn 0.0000000e+0 -1.00000000 -2.4651903e-31
vn -0.92387953 0.0000000e+0 -0.38268343
vn 0.0000000e+0 -1.00000000 -2.4651903e-31
vn -0.92387953 0.0000000e+0 -0.38268343
vn 0.0000000e+0 -1.00000000 -2.4651903e-31
vn -0.92387953 0.0000000e+0 -0.38268343
vn 0.92387953 0.0000000e+0 0.38268343
vn 0.0000000e+0 1.00000000 -6.0854447e-16
vn 0.38268343 0.0000000e+0 -0.92387953
vn 0.38268343 0.0000000e+0 -0.92387953
vn 0.92387953 0.0000000e+0 0.38268343
vn 0.0000000e+0 1.00000000 -6.0854447e-16
vn 0.0000000e+0 1.00000000 3.0427224e-16
vn -0.38268343 0.0000000e+0 0.92387953
vn 0.92387953 0.0000000e+0 0.38268343
vn 0.92387953 0.0000000e+0 0.38268343
vn -0.38268343 0.0000000e+0 0.92387953
vn 0.0000000e+0 -1.00000000 -1.5213612e-16
vn 0.92387953 0.0000000e+0 0.38268343
vn 0.0000000e+0 -1.00000000 -1.5213612e-16
vn -0.38268343 0.0000000e+0 0.92387953
vn 0.92387953 0.0000000e+0 0.38268343
vn 0.0000000e+0 -1.00000000 -3.0427224e-16
vn 0.38268343 0.0000000e+0 -0.92387953
vn -0.38268343 0.0000000e+0 0.92387953
vn 0.0000000e+0 1.00000000 3.0427224e-16
vn 0.92387953 0.0000000e+0 0.38268343
vn 0.92387953 0.0000000e+0 0.38268343
vn -0.38268343 0.0000000e+0 0.92387953
vn 0.0000000e+0 1.00000000 3.0427224e-16
vn 0.0000000e+0 1.00000000 0.0000000e+0
vn -0.92387953 0.0000000e+0 -0.38268343
vn -0.38268343 0.0000000e+0 0.92387953
vn -0.38268343 0.0000000e+0 0.92387953
vn -0.92387953 0.0000000e+0 -0.38268343
vn 0.0000000e+0 -1.00000000 6.0854447e-16
vn -0.38268343 0.0000000e+0 0.92387953
vn 0.0000000e+0 -1.00000000 6.0854447e-16
vn -0.92387953 0.0000000e+0 -0.38268343
vn -0.38268343 0.0000000e+0 0.92387953
vn 0.0000000e+0 -1.00000000 0.0000000e+0
vn 0.92387953 0.0000000e+0 0.38268343
vn -0.92387953 0.0000000e+0 -0.38268343
vn 0.0000000e+0 1.00000000 6.0854447e-16
vn -0.38268343 0.0000000e+0 0.92387953
vn -0.38268343 0.0000000e+0 0.92387953
vn -0.92387953 0.0000000e+0 -0.38268343
vn 0.0000000e+0 1.00000000 6.0854447e-16
vn 0.0000000e+0 1.00000000 -3.0427224e-16
vn 0.38268343 0.0000000e+0 -0.92387953
vn -0.92387953 0.0000000e+0 -0.38268343
vn -0.92387953 0.0000000e+0 -0.38268343
vn 0.38268343 0.0000000e+0 -0.92387953
vn 0.0000000e+0 -1.00000000 1.5213612e-16
vn -0.92387953 0.0000000e+0 -0.38268343
vn 0.0000000e+0 -1.00000000 1.5213612e-16
vn 0.38268343 0.0000000e+0 -0.92387953
vn -0.92387953 0.0000000e+0 -0.38268343
vn 0.0000000e+0 -1.00000000 3.0427224e-16
vn -0.38268343 0.0000000e+0 0.92387953
vn 0.38268343 0.0000000e+0 -0.92387953
vn 0.0000000e+0 1.00000000 1.1832914e-30
vn -0.92387953 0.0000000e+0 -0.38268343
vn -0.92387953 0.0000000e+0 -0.38268343
vn 0.38268343 0.0000000e+0 -0.92387953
vn 0.0000000e+0 1.00000000 1.1832914e-30
vn 0.0000000e+0 1.00000000 6.0854447e-16
vn 0.92387953 0.0000000e+0 0.38268343
vn 0.38268343 0.0000000e+0 -0.92387953
vn 0.38268343 0.0000000e+0 -0.92387953
vn 0.92387953 0.0000000e+0 0.38268343
vn 0.0000000e+0 -1.00000000 -5.9164568e-31
vn 0.92387953 0.0000000e+0 0.38268343
vn 0.0000000e+0 -1.00000000 -5.9164568e-31
vn 0.38268343 0.0000000e+0 -0.92387953
vn 0.38268343 0.0000000e+0 -0.92387953
vn 0.0000000e+0 -1.00000000 1.2170889e-15
vn -0.92387953 0.0000000e+0 -0.38268343
vn 0.60374806 0.0000000e+0 -0.79717519
vn 0.60374806 0.0000000e+0 -0.79717519
vn -0.49222337 0.84625458 0.20388559
vn -0.38268343 2.0775174e-16 -0.92387953
vn 0.60374806 0.0000000e+0 -0.79717519
vn -0.38268343 2.0775174e-16 -0.92387953
vn 0.60374806 0.0000000e+0 -0.79717519
vn 0.60374806 0.0000000e+0 -0.79717519
vn 0.60374806 0.0000000e+0 -0.79717519
vn -0.38268343 -5.7738497e-17 -0.92387953
vn -0.76688218 -0.55766325 0.31765300
vn -0.38268343 -5.7738497e-17 -0.92387953
vn -0.38268343 -5.7738497e-17 -0.92387953
vn 0.60374806 0.0000000e+0 -0.79717519
vn 0.60374806 0.0000000e+0 -0.79717519
vn 0.60374806 0.0000000e+0 -0.79717519
vn -0.76688218 -0.55766325 0.31765300
vn -0.38268343 -5.7738497e-17 -0.92387953
vn 0.13677364 0.0000000e+0 -0.99060233
vn 0.13677364 0.0000000e+0 -0.99060233
vn 0.13677364 0.0000000e+0 -0.99060233
vn 0.92387953 8.5446282e-17 -0.38268343
vn 0.20388559 0.84625458 0.49222337
vn 0.92387953 8.5446282e-17 -0.38268343
vn 0.13677364 0.0000000e+0 -0.99060233
vn 0.20388559 0.84625458 0.49222337
vn 0.92387953 8.5446282e-17 -0.38268343
vn 0.92387953 8.5446282e-17 -0.38268343
vn 0.13677364 0.0000000e+0 -0.99060233
vn 0.13677364 0.0000000e+0 -0.99060233
vn 0.13677364 0.0000000e+0 -0.99060233
vn 0.13677364 0.0000000e+0 -0.99060233
vn 0.13677364 0.0000000e+0 -0.99060233
vn 0.92387953 2.3095399e-17 -0.38268343
vn 0.92387953 2.3095399e-17 -0.38268343
vn 0.31765300 -0.55766325 0.76688218
vn -0.79717519 0.0000000e+0 -0.60374806
vn -0.79717519 0.0000000e+0 -0.60374806
vn 0.20388559 0.84625458 0.49222337
vn -0.92387953 1.3403338e-17 0.38268343
vn -0.92387953 1.3403338e-17 0.38268343
vn -0.79717519 0.0000000e+0 -0.60374806
vn -0.79717519 0.0000000e+0 -0.60374806
vn -0.79717519 0.0000000e+0 -0.60374806
vn -0.79717519 0.0000000e+0 -0.60374806
vn -0.92387953 2.3095399e-17 0.38268343
vn 0.31765300 -0.55766325 0.76688218
vn -0.92387953 2.3095399e-17 0.38268343
vn -0.79717519 0.0000000e+0 -0.60374806
vn -0.79717519 0.0000000e+0 -0.60374806
vn 0.31765300 -0.55766325 0.76688218
vn -0.92387953 2.3095399e-17 0.38268343
vn -0.92387953 2.3095399e-17 0.38268343
vn -0.79717519 0.0000000e+0 -0.60374806
vn -0.99060233 0.0000000e+0 -0.13677364
vn -0.99060233 0.0000000e+0 -0.13677364
vn -0.99060233 0.0000000e+0 -0.13677364
vn -0.38268343 -6.0315022e-17 -0.92387953
vn 0.49222337 0.84625458 -0.20388559
vn -0.38268343 -6.0315022e-17 -0.92387953
vn -0.99060233 0.0000000e+0 -0.13677364
vn 0.49222337 0.84625458 -0.20388559
vn -0.38268343 -6.0315022e-17 -0.92387953
vn -0.38268343 -6.0315022e-17 -0.92387953
vn -0.99060233 0.0000000e+0 -0.13677364
vn -0.99060233 0.0000000e+0 -0.13677364
vn -0.99060233 0.0000000e+0 -0.13677364
vn -0.99060233 0.0000000e+0 -0.13677364
vn -0.99060233 0.0000000e+0 -0.13677364
vn -0.38268343 9.2381595e-17 -0.92387953
vn -0.38268343 9.2381595e-17 -0.92387953
vn 0.76688218 -0.55766325 -0.31765300
vn -0.60374806 0.0000000e+0 0.79717519
vn -0.60374806 0.0000000e+0 0.79717519
vn 0.49222337 0.84625458 -0.20388559
vn 0.38268343 1.8094507e-16 0.92387953
vn 0.38268343 1.8094507e-16 0.92387953
vn -0.60374806 0.0000000e+0 0.79717519
vn -0.60374806 0.0000000e+0 0.79717519
vn -0.60374806 0.0000000e+0 0.79717519
vn -0.60374806 0.0000000e+0 0.79717519
vn 0.38268343 -3.4643098e-17 0.92387953
vn 0.76688218 -0.55766325 -0.31765300
vn 0.38268343 -3.4643098e-17 0.92387953
vn -0.60374806 0.0000000e+0 0.79717519
vn -0.60374806 0.0000000e+0 0.79717519
vn 0.76688218 -0.55766325 -0.31765300
vn 0.38268343 -3.4643098e-17 0.92387953
vn 0.38268343 -3.4643098e-17 0.92387953
vn -0.60374806 0.0000000e+0 0.79717519
vn -0.13677364 0.0000000e+0 0.99060233
vn -0.13677364 0.0000000e+0 0.99060233
vn -0.13677364 0.0000000e+0 0.99060233
vn -0.92387953 6.3665857e-17 0.38268343
vn -0.20388559 0.84625458 -0.49222337
vn -0.92387953 6.3665857e-17 0.38268343
vn -0.92387953 6.3665857e-17 0.38268343
vn -0.13677364 0.0000000e+0 0.99060233
vn -0.13677364 0.0000000e+0 0.99060233
vn -0.20388559 0.84625458 -0.49222337
vn -0.92387953 6.3665857e-17 0.38268343
vn -0.13677364 0.0000000e+0 0.99060233
vn -0.13677364 0.0000000e+0 0.99060233
vn -0.13677364 0.0000000e+0 0.99060233
vn -0.13677364 0.0000000e+0 0.99060233
vn -0.31765300 -0.55766325 -0.76688218
vn -0.92387953 -4.6190797e-17 0.38268343
vn -0.92387953 -4.6190797e-17 0.38268343
vn 0.79717519 0.0000000e+0 0.60374806
vn 0.79717519 0.0000000e+0 0.60374806
vn 0.92387953 -2.4126009e-16 -0.38268343
vn -0.20388559 0.84625458 -0.49222337
vn 0.92387953 -2.4126009e-16 -0.38268343
vn 0.79717519 0.0000000e+0 0.60374806
vn 0.79717519 0.0000000e+0 0.60374806
vn 0.79717519 0.0000000e+0 0.60374806
vn 0.79717519 0.0000000e+0 0.60374806
vn 0.92387953 9.2381595e-17 -0.38268343
vn -0.31765300 -0.55766325 -0.76688218
vn 0.92387953 9.2381595e-17 -0.38268343
vn 0.79717519 0.0000000e+0 0.60374806
vn 0.79717519 0.0000000e+0 0.60374806
vn -0.31765300 -0.55766325 -0.76688218
vn 0.92387953 9.2381595e-17 -0.38268343
vn 0.92387953 9.2381595e-17 -0.38268343
vn 0.79717519 0.0000000e+0 0.60374806
vn 0.99060233 0.0000000e+0 0.13677364
vn 0.99060233 0.0000000e+0 0.13677364
vn 0.99060233 0.0000000e+0 0.13677364
vn 0.38268343 -2.0105007e-16 0.92387953
vn -0.49222337 0.84625458 0.20388559
vn 0.38268343 -2.0105007e-16 0.92387953
vn 0.99060233 0.0000000e+0 0.13677364
vn -0.49222337 0.84625458 0.20388559
vn 0.38268343 -2.0105007e-16 0.92387953
vn 0.38268343 -2.0105007e-16 0.92387953
vn 0.99060233 0.0000000e+0 0.13677364
vn 0.99060233 0.0000000e+0 0.13677364
vn 0.99060233 0.0000000e+0 0.13677364
vn 0.99060233 0.0000000e+0 0.13677364
vn 0.99060233 0.0000000e+0 0.13677364
vn 0.38268343 0.0000000e+0 0.92387953
vn -0.76688218 -0.55766325 0.31765300
vn 0.38268343 0.0000000e+0 0.92387953
vn 0.92387953 1.7089256e-16 -0.38268343
vn -0.20388559 -0.84625458 -0.49222337
vn -0.38268343 0.0000000e+0 -0.92387953
vn 0.92387953 1.7089256e-16 -0.38268343
vn -0.36606499 0.29148989 -0.88375906
vn 0.92387953 1.1547699e-17 -0.38268343
vn -0.36606499 0.29148989 -0.88375906
vn 0.92387953 1.1547699e-17 -0.38268343
vn -0.36606499 0.29148989 -0.88375906
vn 0.92387953 1.1547699e-17 -0.38268343
vn -0.36606499 0.29148989 -0.88375906
vn 0.92387953 1.1547699e-17 -0.38268343
vn -0.36606499 0.29148989 -0.88375906
vn -0.92387953 4.6190797e-17 0.38268343
vn -0.36606499 0.29148989 -0.88375906
vn -0.92387953 4.6190797e-17 0.38268343
vn -0.38268343 0.0000000e+0 -0.92387953
vn -0.92387953 6.7016691e-18 0.38268343
vn -0.20388559 -0.84625458 -0.49222337
vn -0.92387953 6.7016691e-18 0.38268343
vn -0.92387953 6.7016691e-18 0.38268343
vn -0.20388559 -0.84625458 -0.49222337
vn -0.38268343 0.0000000e+0 -0.92387953
vn -0.92387953 6.7016691e-18 0.38268343
vn 0.38268343 -2.4126009e-16 0.92387953
vn 0.49222337 -0.84625458 -0.20388559
vn 0.92387953 0.0000000e+0 -0.38268343
vn 0.38268343 -2.4126009e-16 0.92387953
vn 0.88375906 0.29148989 -0.36606499
vn 0.38268343 -2.3095399e-17 0.92387953
vn 0.88375906 0.29148989 -0.36606499
vn 0.38268343 -2.3095399e-17 0.92387953
vn 0.88375906 0.29148989 -0.36606499
vn 0.38268343 -2.3095399e-17 0.92387953
vn 0.88375906 0.29148989 -0.36606499
vn 0.38268343 -2.3095399e-17 0.92387953
vn 0.88375906 0.29148989 -0.36606499
vn -0.38268343 6.9286196e-17 -0.92387953
vn -0.38268343 6.9286196e-17 -0.92387953
vn 0.88375906 0.29148989 -0.36606499
vn 0.92387953 0.0000000e+0 -0.38268343
vn -0.38268343 1.3068255e-16 -0.92387953
vn 0.49222337 -0.84625458 -0.20388559
vn -0.38268343 1.3068255e-16 -0.92387953
vn -0.38268343 1.3068255e-16 -0.92387953
vn 0.49222337 -0.84625458 -0.20388559
vn 0.92387953 0.0000000e+0 -0.38268343
vn -0.38268343 1.3068255e-16 -0.92387953
vn -0.38268343 -1.3403338e-17 -0.92387953
vn -0.49222337 -0.84625458 0.20388559
vn -0.92387953 0.0000000e+0 0.38268343
vn -0.38268343 -1.3403338e-17 -0.92387953
vn -0.88375906 0.29148989 0.36606499
vn -0.38268343 4.6190797e-17 -0.92387953
vn -0.88375906 0.29148989 0.36606499
vn -0.38268343 4.6190797e-17 -0.92387953
vn -0.88375906 0.29148989 0.36606499
vn -0.38268343 4.6190797e-17 -0.92387953
vn -0.88375906 0.29148989 0.36606499
vn -0.38268343 4.6190797e-17 -0.92387953
vn -0.88375906 0.29148989 0.36606499
vn 0.38268343 -6.9286196e-17 0.92387953
vn -0.88375906 0.29148989 0.36606499
vn 0.38268343 -6.9286196e-17 0.92387953
vn -0.92387953 0.0000000e+0 0.38268343
vn 0.38268343 2.2450592e-16 0.92387953
vn -0.49222337 -0.84625458 0.20388559
vn 0.38268343 2.2450592e-16 0.92387953
vn 0.38268343 2.2450592e-16 0.92387953
vn -0.49222337 -0.84625458 0.20388559
vn -0.92387953 0.0000000e+0 0.38268343
vn 0.38268343 2.2450592e-16 0.92387953
vn -0.92387953 2.0105007e-17 0.38268343
vn 0.38268343 0.0000000e+0 0.92387953
vn -0.92387953 2.0105007e-17 0.38268343
vn 0.20388559 -0.84625458 0.49222337
vn 0.36606499 0.29148989 0.88375906
vn -0.92387953 -4.6190797e-17 0.38268343
vn 0.36606499 0.29148989 0.88375906
vn -0.92387953 -4.6190797e-17 0.38268343
vn -0.92387953 -4.6190797e-17 0.38268343
vn 0.36606499 0.29148989 0.88375906
vn 0.36606499 0.29148989 0.88375906
vn -0.92387953 -4.6190797e-17 0.38268343
vn 0.36606499 0.29148989 0.88375906
vn 0.92387953 0.0000000e+0 -0.38268343
vn 0.36606499 0.29148989 0.88375906
vn 0.92387953 0.0000000e+0 -0.38268343
vn 0.38268343 0.0000000e+0 0.92387953
vn 0.92387953 -1.2063004e-16 -0.38268343
vn 0.20388559 -0.84625458 0.49222337
vn 0.92387953 -1.2063004e-16 -0.38268343
vn 0.38268343 0.0000000e+0 0.92387953
vn 0.92387953 -1.2063004e-16 -0.38268343
vn 0.20388559 -0.84625458 0.49222337
vn 0.92387953 -1.2063004e-16 -0.38268343
vn 0.21340849 0.83006729 0.51521366
vn -0.20388559 0.84625458 -0.49222337
vn 0.92387953 -2.4126009e-16 -0.38268343
vn 0.92387953 -2.4126009e-16 -0.38268343
vn 0.21340849 0.83006729 0.51521366
vn -0.20388559 0.84625458 -0.49222337
vn -0.20388559 0.84625458 -0.49222337
vn -0.92387953 2.1445341e-16 0.38268343
vn 0.21340849 0.83006729 0.51521366
vn 0.21340849 0.83006729 0.51521366
vn -0.92387953 1.2733171e-16 0.38268343
vn 0.20388559 -0.84625458 0.49222337
vn 0.21340849 0.83006729 0.51521366
vn -0.92387953 1.2733171e-16 0.38268343
vn 0.20388559 -0.84625458 0.49222337
vn 0.21340849 0.83006729 0.51521366
vn 0.20388559 -0.84625458 0.49222337
vn 0.92387953 0.0000000e+0 -0.38268343
vn -0.51521366 0.83006729 0.21340849
vn 0.49222337 0.84625458 -0.20388559
vn 0.38268343 4.4901183e-16 0.92387953
vn 0.49222337 0.84625458 -0.20388559
vn 0.38268343 4.4901183e-16 0.92387953
vn -0.51521366 0.83006729 0.21340849
vn 0.49222337 0.84625458 -0.20388559
vn -0.38268343 -2.1445341e-16 -0.92387953
vn -0.51521366 0.83006729 0.21340849
vn -0.51521366 0.83006729 0.21340849
vn -0.38268343 -1.2063004e-16 -0.92387953
vn -0.49222337 -0.84625458 0.20388559
vn -0.49222337 -0.84625458 0.20388559
vn -0.51521366 0.83006729 0.21340849
vn -0.38268343 -1.2063004e-16 -0.92387953
vn -0.51521366 0.83006729 0.21340849
vn -0.49222337 -0.84625458 0.20388559
vn 0.38268343 5.3613353e-16 0.92387953
vn 0.51521366 0.83006729 -0.21340849
vn -0.49222337 0.84625458 0.20388559
vn -0.38268343 2.6136510e-16 -0.92387953
vn -0.49222337 0.84625458 0.20388559
vn -0.38268343 2.6136510e-16 -0.92387953
vn 0.51521366 0.83006729 -0.21340849
vn -0.49222337 0.84625458 0.20388559
vn 0.38268343 -3.2168012e-16 0.92387953
vn 0.51521366 0.83006729 -0.21340849
vn 0.51521366 0.83006729 -0.21340849
vn 0.38268343 -4.0210015e-16 0.92387953
vn 0.49222337 -0.84625458 -0.20388559
vn 0.49222337 -0.84625458 -0.20388559
vn 0.51521366 0.83006729 -0.21340849
vn 0.38268343 -4.0210015e-16 0.92387953
vn 0.51521366 0.83006729 -0.21340849
vn 0.49222337 -0.84625458 -0.20388559
vn -0.38268343 1.0722671e-16 -0.92387953
vn -0.21340849 0.83006729 -0.51521366
vn 0.20388559 0.84625458 0.49222337
vn -0.92387953 1.3403338e-17 0.38268343
vn 0.20388559 0.84625458 0.49222337
vn -0.92387953 1.3403338e-17 0.38268343
vn -0.21340849 0.83006729 -0.51521366
vn 0.20388559 0.84625458 0.49222337
vn 0.92387953 0.0000000e+0 -0.38268343
vn -0.21340849 0.83006729 -0.51521366
vn -0.21340849 0.83006729 -0.51521366
vn 0.92387953 1.7089256e-16 -0.38268343
vn -0.20388559 -0.84625458 -0.49222337
vn -0.20388559 -0.84625458 -0.49222337
vn -0.21340849 0.83006729 -0.51521366
vn 0.92387953 1.7089256e-16 -0.38268343
vn -0.21340849 0.83006729 -0.51521366
vn -0.20388559 -0.84625458 -0.49222337
vn -0.92387953 0.0000000e+0 0.38268343
vn 0.21340849 -0.83006729 0.51521366
vn -0.31765300 -0.55766325 -0.76688218
vn -0.92387953 -9.2381595e-17 0.38268343
vn -0.31765300 -0.55766325 -0.76688218
vn -0.92387953 -9.2381595e-17 0.38268343
vn 0.21340849 -0.83006729 0.51521366
vn -0.31765300 -0.55766325 -0.76688218
vn 0.92387953 3.6952638e-16 -0.38268343
vn 0.21340849 -0.83006729 0.51521366
vn 0.21340849 -0.83006729 0.51521366
vn 0.92387953 1.8476319e-16 -0.38268343
vn 0.31765300 0.55766325 0.76688218
vn 0.31765300 0.55766325 0.76688218
vn 0.21340849 -0.83006729 0.51521366
vn 0.92387953 1.8476319e-16 -0.38268343
vn 0.21340849 -0.83006729 0.51521366
vn 0.31765300 0.55766325 0.76688218
vn -0.92387953 -9.2381595e-17 0.38268343
vn -0.51521366 -0.83006729 0.21340849
vn 0.76688218 -0.55766325 -0.31765300
vn -0.38268343 9.2381595e-17 -0.92387953
vn -0.38268343 9.2381595e-17 -0.92387953
vn -0.51521366 -0.83006729 0.21340849
vn 0.76688218 -0.55766325 -0.31765300
vn 0.76688218 -0.55766325 -0.31765300
vn 0.38268343 0.0000000e+0 0.92387953
vn -0.51521366 -0.83006729 0.21340849
vn -0.51521366 -0.83006729 0.21340849
vn 0.38268343 -6.9286196e-17 0.92387953
vn -0.76688218 0.55766325 0.31765300
vn -0.51521366 -0.83006729 0.21340849
vn -0.76688218 0.55766325 0.31765300
vn 0.38268343 -6.9286196e-17 0.92387953
vn -0.51521366 -0.83006729 0.21340849
vn -0.76688218 0.55766325 0.31765300
vn -0.38268343 0.0000000e+0 -0.92387953
vn 0.51521366 -0.83006729 -0.21340849
vn -0.76688218 -0.55766325 0.31765300
vn 0.38268343 -4.6190797e-17 0.92387953
vn 0.38268343 -4.6190797e-17 0.92387953
vn 0.51521366 -0.83006729 -0.21340849
vn -0.76688218 -0.55766325 0.31765300
vn -0.76688218 -0.55766325 0.31765300
vn -0.38268343 -3.6952638e-16 -0.92387953
vn 0.51521366 -0.83006729 -0.21340849
vn 0.51521366 -0.83006729 -0.21340849
vn -0.38268343 -1.1547699e-16 -0.92387953
vn 0.76688218 0.55766325 -0.31765300
vn 0.51521366 -0.83006729 -0.21340849
vn -0.38268343 -1.1547699e-16 -0.92387953
vn 0.76688218 0.55766325 -0.31765300
vn 0.51521366 -0.83006729 -0.21340849
vn 0.76688218 0.55766325 -0.31765300
vn 0.38268343 -9.2381595e-17 0.92387953
vn -0.21340849 -0.83006729 -0.51521366
vn 0.31765300 -0.55766325 0.76688218
vn 0.92387953 2.3095399e-17 -0.38268343
vn 0.92387953 2.3095399e-17 -0.38268343
vn -0.21340849 -0.83006729 -0.51521366
vn 0.31765300 -0.55766325 0.76688218
vn 0.31765300 -0.55766325 0.76688218
vn -0.92387953 0.0000000e+0 0.38268343
vn -0.21340849 -0.83006729 -0.51521366
vn -0.21340849 -0.83006729 -0.51521366
vn -0.92387953 4.6190797e-17 0.38268343
vn -0.31765300 0.55766325 -0.76688218
vn -0.21340849 -0.83006729 -0.51521366
vn -0.31765300 0.55766325 -0.76688218
vn -0.92387953 4.6190797e-17 0.38268343
vn -0.21340849 -0.83006729 -0.51521366
vn -0.31765300 0.55766325 -0.76688218
vn 0.92387953 0.0000000e+0 -0.38268343
g Cylinder1_default
usemtl default
s 1
f 1//3 5//23 2//9
f 2//8 4//18 3//13
f 4//19 2//10 5//24
f 5//22 1//2 6//30
f 6//31 8//40 7//34
f 8//37 6//27 1//1
f 10//53 26//166 23//146
f 16//95 38//237 17//99
f 18//110 40//252 15//87
f 19//115 34//213 20//124
f 21//130 30//189 22//139
f 24//154 28//180 9//45
f 25//158 28//174 24//149
f 25//159 41//256 28//178
f 26//162 10//48 27//169
f 27//172 43//267 26//167
f 29//181 22//133 30//185
f 30//192 45//276 29//184
f 33//205 20//118 34//209
f 34//216 49//294 33//208
f 37//230 40//246 18//104
f 37//231 53//310 40//250
f 38//234 16//90 39//241
f 39//243 55//319 38//238
f 42//260 26//164 43//263
f 44//270 28//176 41//255
f 45//272 30//187 46//277
f 49//290 34//211 50//295
f 54//314 38//236 55//317
f 56//324 40//248 53//309
f 58//341 113//678 72//467
f 59//350 101//622 61//363
f 63//386 93//586 65//399
f 71//458 97//604 57//327
f 76//490 103//631 73//470
f 80//514 99//613 77//494
f 84//538 95//595 81//518
f 90//573 91//577 89//569
f 92//580 89//565 91//574
f 93//584 63//383 94//589
f 95//594 84//535 96//599
f 97//602 71//455 98//607
f 99//612 80//511 100//617
f 101//620 59//347 102//625
f 103//630 76//487 104//635
f 106//645 107//650 105//642
f 108//652 105//637 107//646
f 110//663 111//667 109//659
f 112//670 109//655 111//664
f 113//674 58//335 114//679
f 118//699 119//703 117//695
f 120//706 117//691 119//700
s 2
f 12//67 30//190 21//131
f 14//80 34//214 19//116
f 17//100 38//240 18//109
f 20//125 36//228 13//72
f 22//140 32//204 11//60
f 23//145 26//165 24//153
f 25//157 24//148 26//161
f 26//168 41//258 25//160
f 29//182 32//198 22//134
f 29//183 45//274 32//202
f 30//186 12//64 31//193
f 31//196 47//285 30//191
f 33//206 36//222 20//119
f 33//207 49//292 36//226
f 34//210 14//76 35//217
f 35//220 51//303 34//215
f 37//229 18//103 38//233
f 38//239 53//312 37//232
f 41//254 26//163 42//259
f 46//278 30//188 47//281
f 48//288 32//200 45//273
f 50//296 34//212 51//299
f 52//306 36//224 49//291
f 53//308 38//235 54//313
f 62//375 117//696 60//360
f 66//411 109//660 64//396
f 67//424 89//570 69//436
f 70//447 105//640 68//430
f 74//477 76//491 73//471
f 74//479 119//704 75//483
f 75//481 76//485 74//473
f 82//525 84//539 81//519
f 82//527 111//668 83//531
f 83//529 84//533 82//521
f 86//551 88//561 85//542
f 86//550 107//649 87//555
f 87//553 88//557 86//545
f 89//566 67//419 90//571
f 94//591 95//596 93//588
f 96//598 93//583 95//592
f 98//609 99//614 97//606
f 100//616 97//601 99//610
f 102//627 103//632 101//624
f 104//634 101//619 103//628
f 105//638 70//443 106//643
f 107//648 86//547 108//653
f 109//656 66//407 110//661
f 111//666 82//523 112//671
f 114//681 115//685 113//677
f 116//688 113//673 115//682
f 117//692 62//371 118//697
f 119//702 74//475 120//707
s 3
f 42//261 43//265 41//257
f 44//268 41//253 43//262
f 46//279 47//283 45//275
f 48//286 45//271 47//280
f 50//297 51//301 49//293
f 52//304 49//289 51//298
f 54//315 55//321 53//311
f 56//322 53//307 55//316
f 57//330 80//516 58//342
f 57//328 97//605 80//513
f 60//359 74//480 59//352
f 60//358 117//694 74//478
f 61//365 76//492 62//377
f 61//364 101//623 76//489
f 64//395 82//528 63//388
f 64//394 109//658 82//526
f 65//401 84//540 66//413
f 65//400 93//587 84//537
f 72//468 78//504 71//460
f 72//466 113//676 78//502
f 73//469 59//346 74//474
f 73//472 103//633 59//351
f 75//482 62//370 76//486
f 75//484 119//705 62//376
f 77//493 71//454 78//498
f 77//496 99//615 71//459
f 79//506 58//334 80//510
f 79//507 115//686 58//337
f 81//517 63//382 82//522
f 81//520 95//597 63//387
f 83//530 66//406 84//534
f 83//532 111//669 66//412
f 88//563 91//579 85//544
f 91//576 88//559 92//581
f 94//590 63//384 95//593
f 96//600 84//536 93//585
f 98//608 71//456 99//611
f 100//618 80//512 97//603
f 102//626 59//348 103//629
f 104//636 76//488 101//621
f 110//662 66//408 111//665
f 112//672 82//524 109//657
f 114//680 58//336 115//683
f 116//690 78//500 113//675
f 118//698 62//372 119//701
f 120//708 74//476 117//693
s 4
f 1//4 71//457 8//41
f 2//6 67//416 69//433
f 2//12 71//462 1//5
f 3//15 67//423 2//11
f 4//16 63//380 65//397
f 4//20 67//422 3//14
f 5//25 63//385 4//21
f 6//28 59//344 61//361
f 6//32 63//389 5//26
f 7//35 59//349 6//33
f 8//42 59//354 7//36
f 8//38 71//451 57//325
f 10//55 22//141 11//61
f 12//69 20//126 13//73
f 14//82 18//111 15//88
f 16//94 24//155 9//46
f 17//97 24//147 16//89
f 17//101 58//339 24//156
f 18//107 58//338 17//98
f 18//106 62//367 60//356
f 19//112 18//102 14//75
f 19//113 62//373 18//108
f 20//122 62//374 19//114
f 20//121 66//403 64//392
f 21//127 20//117 12//63
f 21//128 66//409 20//123
f 22//137 66//410 21//129
f 22//136 70//439 68//428
f 23//142 22//132 10//47
f 23//143 70//445 22//138
f 24//150 58//331 72//463
f 24//152 70//446 23//144
f 57//326 59//343 8//39
f 58//340 59//353 57//329
f 59//345 58//333 60//357
f 60//355 58//332 18//105
f 61//362 63//379 6//29
f 62//378 63//390 61//366
f 63//381 62//369 64//393
f 64//391 62//368 20//120
f 65//398 67//415 4//17
f 66//414 67//426 65//402
f 67//417 66//405 68//429
f 68//427 66//404 22//135
f 69//434 71//452 2//7
f 70//450 71//461 69//438
f 71//453 70//441 72//465
f 72//464 70//440 24//151
f 78//501 80//515 77//495
f 78//503 115//687 79//508
f 79//505 80//509 78//497
f 115//684 78//499 116//689
s 5
f 9//44 28//177 10//54
f 10//52 16//93 9//43
f 11//56 15//83 10//50
f 11//59 32//201 12//68
f 12//66 14//78 11//57
f 13//70 14//74 12//62
f 13//71 36//225 14//81
f 15//85 11//58 14//79
f 15//86 40//251 16//96
f 16//92 10//51 15//84
f 27//170 10//49 28//173
f 28//179 43//266 27//171
f 31//194 12//65 32//197
f 32//203 47//284 31//195
f 35//218 14//77 36//221
f 36//227 51//302 35//219
f 39//242 16//91 40//245
f 40//249 55//320 39//244
f 43//264 28//175 44//269
f 47//282 32//199 48//287
f 51//300 36//223 52//305
f 55//318 40//247 56//323
f 68//432 86//552 67//425
f 68//431 105//641 86//549
f 69//437 88//564 70//449
f 69//435 89//568 88//562
f 85//541 67//418 86//546
f 85//543 91//578 67//421
f 87//554 70//442 88//558
f 87//556 107//651 70//448
f 90//572 67//420 91//575
f 92//582 88//560 89//567
f 106//644 70//444 107//647
f 108//654 86//548 105//639
